[[6, 1, 8, 3, 10, 1, 4, 4], [4, 1, 3, 1, 1, 8, 1, 3], [4, 1, 5, 6, 10, 6, 9, 1], [8, 6, 5, 5, 8, 5, 1, 1]]

Treinamento 1:
[[0, 1, 1, 1, 1, 1, 1, 1], [1, 1, 1, 1, 1, 1, 1, 1], [1, 1, 1, 1, 1, 1, 1, 1], [1, 1, 1, 1, 1, 1, 1, 1]]
[[1, 1, 4, 1, 1, 1, 1, 1], [1, 1, 1, 1, 1, 1, 1, 1], [1, 1, 1, 1, 1, 1, 1, 1], [1, 1, 1, 1, 1, 1, 1, 1]]

Treinamento 3:
[[1, 1, 1, 1, 1, 1, 1, 1], [1, 1, 1, 1, 1, 1, 1, 1], [1, 0, 1, 1, 1, 1, 1, 9], [1, 1, 1, 1, 1, 1, 1, 1]]
[[9, 1, 1, 1, 1, 1, 1, 1], [1, 1, 1, 0, 1, 1, 9, 1], [1, 1, 1, 1, 1, 1, 1, 1], [1, 1, 1, 1, 1, 1, 1, 1]]

Treinamento 5:
[[0, 1, 1, 1, 1, 1, 1, 1], [1, 1, 1, 1, 1, 1, 3, 1], [1, 1, 1, 1, 1, 1, 1, 1], [1, 1, 5, 1, 1, 1, 1, 1]]

Treinamento 10:
[[6, 1, 5, 1, 1, 1, 1, 7], [1, 1, 1, 8, 1, 1, 1, 3], [1, 1, 1, 1, 1, 1, 1, 8], [0, 7, 1, 1, 1, 1, 1, 1]]
[[1, 6, 4, 1, 1, 1, 1, 1], [1, 1, 6, 1, 1, 7, 1, 1], [1, 1, 1, 1, 1, 6, 1, 0], [2, 5, 1, 1, 1, 1, 1, 1]]
[[1, 1, 7, 1, 1, 1, 1, 1], [9, 1, 1, 1, 1, 1, 1, 2], [1, 1, 1, 1, 5, 1, 1, 1], [1, 1, 1, 1, 1, 1, 1, 1]]